dsv41-indexer-workspace: already applied
globaltimer increments (ns): [32, 64]
pk_T4_cold med [0.0, 0.64, 0.67, 1.66, 2.3, 3.39, 4.48, 5.41, 6.27, -1044123452152.7, 6.62, 6.72] | max [0.03, 0.64, 0.67, 1.7, 3.1, 4.64, 5.38, 6.3, 7.07, -1044123452152.7, 7.42, 7.52]
pk_T4_warm med [0.0, 0.35, 0.38, 1.38, 1.86, 2.62, 3.39, 4.13, 4.9, -1044123477925.82, 5.25, 5.34] | max [0.03, 0.38, 0.38, 1.41, 1.89, 2.66, 3.42, 4.19, 4.93, -1044123477925.82, 5.28, 5.38]
pk_T8_cold med [0.0, 0.64, 0.67, 2.14, 2.59, 3.42, 4.54, 5.6, 6.43, -1044123484745.31, 6.78, 6.88] | max [0.03, 0.64, 0.67, 2.18, 2.62, 4.64, 5.47, 6.53, 7.3, -1044123484745.31, 7.65, 7.71]
pk_T8_warm med [0.03, 0.38, 0.38, 1.89, 2.37, 3.14, 3.87, 4.64, 5.41, -1044123489516.13, 5.76, 5.82] | max [0.03, 0.38, 0.42, 1.92, 2.37, 3.14, 3.9, 4.67, 5.44, -1044123489516.13, 5.79, 5.89]
f32_T4_cold med [0.0, 1.22, 1.22, 7.81, 8.26, 9.02, 9.76, 10.53, 11.26, -1044123496168.38, 11.62, 11.71] | max [0.03, 1.44, 1.47, 8.38, 8.86, 9.6, 10.37, 11.1, 11.87, -1044123496168.38, 12.19, 12.29]
f32_T4_warm med [0.0, 0.7, 0.74, 3.36, 3.81, 4.58, 5.34, 6.08, 6.85, -1044123501021.31, 7.2, 7.3] | max [0.03, 0.74, 0.74, 3.39, 3.84, 4.58, 5.34, 6.11, 6.88, -1044123501021.31, 7.23, 7.33]
f32_T8_cold med [0.0, 1.22, 1.22, 7.94, 8.38, 9.15, 9.92, 10.66, 11.42, -1044123507688.99, 11.74, 11.84] | max [0.03, 1.44, 1.44, 8.64, 9.09, 9.86, 10.59, 11.36, 12.1, -1044123507688.99, 12.45, 12.54]
f32_T8_warm med [0.0, 0.74, 0.74, 3.87, 4.32, 5.09, 5.82, 6.59, 7.36, -1044123512567.74, 7.71, 7.78] | max [0.03, 0.74, 0.74, 3.87, 4.32, 5.09, 5.86, 6.62, 7.36, -1044123512567.74, 7.71, 7.81]
