op          m  mode    bytes/rank  KEEP med [p10,p90]       MIX0 med [p10,p90]       floor  KEEP%fl MIX0%fl
all_reduce  1  eager      10240     20.6 [  20.0,  22.1]     21.6 [  19.6,  22.7]     7.1   34.4   32.8
all_reduce  1  graph      10240     24.3 [  20.2,  28.8]     16.8 [  14.8,  19.2]     7.1   29.2   42.3
all_reduce  1  gapped     10240     52.5 [  32.0,  99.0]     17.7 [  16.3,  21.3]     7.1   13.5   40.1
all_reduce  3  eager      30720     24.6 [  22.6,  33.8]     23.4 [  22.6,  24.8]    11.3   45.9   48.3
all_reduce  3  graph      30720     28.2 [  23.2,  36.3]     20.8 [  18.8,  23.3]    11.3   40.1   54.2
all_reduce  3  gapped     30720     58.8 [  29.3, 107.2]     21.5 [  19.5,  24.6]    11.3   19.2   52.5
all_reduce  4  eager      40960     27.7 [  25.6,  37.1]     25.7 [  24.6,  26.9]    13.1   47.5   51.1
all_reduce  4  graph      40960     31.6 [  25.7,  42.3]     21.6 [  20.8,  25.1]    13.1   41.6   60.8
all_reduce  4  gapped     40960     57.6 [  35.0, 104.8]     22.5 [  20.9,  25.6]    13.1   22.8   58.3
all_reduce  6  eager      61440     28.2 [  26.6,  30.7]     28.7 [  26.6,  30.7]    16.9   60.0   59.1
all_reduce  6  graph      61440     33.1 [  28.1,  45.2]     25.3 [  22.9,  28.7]    16.9   51.2   67.0
all_reduce  6  gapped     61440     59.3 [  31.1, 105.4]     24.8 [  22.7,  28.7]    16.9   28.6   68.3
all_reduce  8  eager      81920     32.3 [  30.6,  34.8]     32.6 [  30.7,  34.8]    20.7   64.3   63.7
all_reduce  8  graph      81920     35.4 [  30.9,  40.1]     28.9 [  25.4,  31.5]    20.7   58.7   71.8
all_reduce  8  gapped     81920     63.2 [  41.5, 105.6]     29.1 [  26.6,  33.7]    20.7   32.8   71.2
all_gather  3  eager     387840     54.5 [  46.1,  62.6]     53.5 [  49.5,  57.5]    32.1   58.9   60.0
all_gather  3  graph     387840     56.3 [  48.7,  66.9]     49.5 [  45.7,  54.0]    32.1   57.0   64.8
all_gather  3  gapped    387840     92.4 [  58.7, 138.6]     52.1 [  42.0,  65.2]    32.1   34.7   61.5
all_gather  4  eager     517120     69.8 [  51.4,  92.3]     65.8 [  59.7,  73.8]    41.4   59.3   62.9
all_gather  4  graph     517120     68.5 [  59.0,  80.7]     60.1 [  56.0,  66.2]    41.4   60.4   68.9
all_gather  4  gapped    517120    100.9 [  68.6, 146.4]     61.4 [  44.0,  83.3]    41.4   41.0   67.4
all_gather  6  eager     775680     86.0 [  82.0,  88.3]     84.8 [  82.1,  88.2]    60.1   69.8   70.8
all_gather  6  graph     775680     87.4 [  80.8,  96.3]     80.2 [  76.4,  84.7]    60.1   68.7   74.9
all_gather  6  gapped    775680    127.5 [  88.6, 171.8]     83.1 [  73.3, 100.6]    60.1   47.1   72.3
all_gather  8  eager    1034240    105.5 [  98.3, 119.2]    104.7 [  99.4, 112.7]    78.7   74.6   75.2
all_gather  8  graph    1034240    109.4 [ 102.4, 117.6]    101.1 [  97.0, 106.8]    78.7   72.0   77.9
all_gather  8  gapped   1034240    142.3 [ 108.9, 188.0]    104.5 [  89.1, 131.0]    78.7   55.3   75.4
