dsv41-indexer-workspace: already applied
globaltimer increments (ns): [32, 64, 160]
pk_T4_cold med [0.03, 0.93, 0.96, 8.8, 9.25, 10.02, 10.78, 11.55, 12.32, -1043715809467.58, 12.67, 12.75] | max [0.03, 0.93, 0.96, 10.05, 10.5, 11.26, 12.03, 12.8, 13.54, -1043715809467.58, 13.89, 13.98]
pk_T4_warm med [0.03, 0.67, 0.67, 1.63, 2.11, 2.85, 3.62, 4.38, 5.15, -1043715842829.73, 5.5, 5.6] | max [0.03, 0.67, 0.67, 1.7, 2.18, 2.94, 3.68, 4.45, 5.22, -1043715842829.73, 5.57, 5.66]
pk_T8_cold med [0.0, 0.93, 0.96, 8.8, 9.25, 10.02, 10.78, 11.55, 12.29, -1043715855275.36, 12.64, 12.74] | max [0.03, 0.93, 0.96, 9.31, 9.76, 10.53, 11.3, 12.06, 12.8, -1043715855275.36, 13.15, 13.25]
pk_T8_warm med [0.03, 0.67, 0.67, 2.21, 2.66, 3.42, 4.19, 4.93, 5.7, -1043715863852.58, 6.05, 6.14] | max [0.03, 0.67, 0.67, 2.37, 2.82, 3.58, 4.35, 5.12, 5.89, -1043715863852.58, 6.24, 6.34]
f32_T4_cold med [0.03, 12.64, 12.67, 13.5, 13.95, 14.69, 15.46, 16.22, 16.96, -1043715876525.28, 17.31, 17.38] | max [0.03, 14.05, 14.05, 14.82, 15.26, 16.03, 16.77, 17.54, 18.27, -1043715876525.28, 18.59, 18.66]
f32_T4_warm med [0.03, 2.4, 2.4, 3.26, 3.71, 4.48, 5.22, 5.98, 6.75, -1043715885410.66, 7.07, 7.17] | max [0.03, 2.4, 2.43, 3.33, 3.78, 4.54, 5.28, 6.05, 6.82, -1043715885410.66, 7.17, 7.26]
f32_T8_cold med [0.0, 11.87, 11.87, 13.18, 13.63, 14.37, 15.14, 15.9, 16.64, -1043715897764.0, 16.99, 17.06] | max [0.03, 13.41, 13.44, 14.72, 15.17, 15.94, 16.67, 17.44, 18.18, -1043715897764.0, 18.5, 18.56]
f32_T8_warm med [0.0, 2.4, 2.4, 3.78, 4.22, 4.99, 5.76, 6.5, 7.26, -1043715906422.3, 7.62, 7.68] | max [0.03, 2.4, 2.4, 3.84, 4.29, 5.06, 5.79, 6.56, 7.33, -1043715906422.3, 7.68, 7.78]
